0.474433
0.472533
0.472580
0.472636
0.472731
0.472891
0.473194
0.473587
0.474048
0.474446
0.474853
0.475242
0.475743
0.476233
0.476758
0.477449
0.478221
0.478872
0.479685
0.480559
0.481349
0.482157
0.482931
0.483662
0.484542
0.485521
0.486526
0.487528
0.488633
0.489735
0.490863
0.492043
0.493195
0.494262
0.495386
0.496591
0.497864
0.499096
0.500399
0.501536
0.502578
0.503755
0.504871
0.505878
0.507079
0.508233
0.509530
0.510885
0.512116
0.513401
0.514529
0.515738
0.516873
0.518056
0.519236
0.520441
0.521646
0.522890
0.524043
0.525365
0.526597
0.527695
0.528859
0.530081
0.531425
0.532695
0.534161
0.535468
0.536716
0.537754
0.539079
0.540383
0.541439
0.542473
0.543718
0.544871
0.545961
0.547018
0.548043
0.549132
0.550316
0.551222
0.552306
0.553299
0.554316
0.555243
0.556162
0.557113
0.558089
0.559143
0.560245
0.561224
0.562252
0.563364
0.564434
0.565670
0.566910
0.568064
0.569125
0.570193
0.571156
0.572275
0.573142
0.574006
0.574990
0.575999
0.576757
0.577555
0.578553
0.579562
0.580404
0.581248
0.582090
0.582981
0.583738
0.584585
0.585498
0.586230
0.587031
0.587686
0.588484
0.589219
0.589671
0.590461
0.591195
0.591875
0.592418
0.593167
0.593967
0.594583
0.595076
0.595602
0.596097
0.596784
0.597339
0.597912
0.598088
0.598571
0.598924
0.599669
0.599929
0.600433
0.601053
0.601384
0.602121
0.602553
0.603085
0.603674
0.603978
0.604571
0.605229
0.605458
0.605551
0.606042
0.606331
0.606856
0.607227
0.607689
0.608063
0.608366
0.608649
0.608862
0.609111
0.609374
0.609688
0.609947
0.610366
0.610544
0.610821
0.611223
0.611692
0.611836
0.612323
0.612515
0.612810
0.612924
0.613141
0.613309
0.613853
0.614449
0.614450
0.614651
0.615131
0.615280
0.615412
0.615641
0.616046
0.616170
0.616560
0.616929
0.617150
0.617585
0.617714
0.617815
0.617782
0.618124
0.618368
0.618394
0.618361
0.618495
0.618975
0.619413
0.619960
0.620307
0.620214
0.620107
0.620410
0.620790
0.621120
0.621183
0.621201
0.621054
0.621269
0.621664
0.621867
0.622034
0.622338
0.622307
0.622618
0.622789
0.623227
0.623312
0.623616
0.623879
0.623883
0.623981
0.623797
0.623644
0.623506
0.623658
0.623952
0.624298
0.624531
0.624949
0.625453
0.625575
0.625554
0.625735
0.625780
0.625680
0.625640
0.625617
0.625810
0.626152
0.626399
0.626694
0.627002
0.627099
0.627268
0.627694
0.627747
0.627921
0.628184
0.628219
0.628357
0.628732
0.629060
0.629139
0.629409
0.629590
0.629506
0.629387
0.629437
0.629630
0.629812
0.630312
0.630356
0.630347
0.630411
0.630225
0.630086
0.630036
0.630031
0.629938
0.630128
0.630484
0.630412
0.630491
0.630869
0.630803
0.630771
0.630856
0.630650
0.630614
0.630668
0.630746
0.630897
0.631170
0.630840
0.630900
0.630893
0.630988
0.631296
0.631482
0.631545
0.631560
0.631250
0.631157
0.631227
0.631416
0.631339
0.631429
0.631667
0.631733
0.631506
0.631081
0.631078
0.630854
0.630902
0.630819
0.630668
0.630594
0.630552
0.630425
0.630329
0.630254
0.630332
0.630394
0.630466
0.630446
0.630486
0.630571
0.630792
0.630694
0.630449
0.630315
0.630045
0.629905
0.629575
0.629391
0.629231
0.629232
0.629193
0.628990
0.629262
0.629461
0.629284
0.629232
0.629192
0.629286
0.628868
0.628543
0.628605
0.628827
0.628470
0.628389
0.628429
0.628471
0.628151
0.628109
0.627884
0.627874
0.627655
0.627404
0.627327
0.627321
0.627343
0.627508
0.627468
0.627240
0.627282
0.627366
0.627465
0.627539
0.627146
0.626797
0.626470
0.626252
0.626105
0.625936
0.625958
0.626143
0.625887
0.625777
0.625485
0.625240
0.624985
0.624836
0.624940
0.624724
0.624585
0.624227
0.624132
0.623835
0.623534
0.623427
0.623284
0.623116
0.623204
0.622924
0.622791
0.622541
0.622510
0.622216
0.621883
0.621718
0.621707
0.621551
0.621097
0.621220
0.621346
0.621139
0.620891
0.621115
0.621180
0.620886
0.620591
0.620459
0.620205
0.620036
0.620104
0.619736
0.619543
0.619186
0.619038
0.618761
0.618393
0.618361
0.618265
0.617897
0.617857
0.617459
0.616968
0.617099
0.617024
0.616700
0.616618
0.616469
0.616512
0.616332
0.616225
0.615937
0.615810
0.615437
0.615312
0.615202
0.615185
0.615122
0.614848
0.614895
0.614626
0.614525
0.614241
0.614130
0.613658
0.613495
0.613564
0.613320
0.613152
0.612956
0.612905
0.612831
0.612703
0.612345
0.612182
0.611977
0.611859
0.611496
0.611293
0.611155
0.610764
0.610720
0.610719
0.610434
0.610151
0.609879
0.609615
0.609543
0.609423
0.609108
0.609042
0.609047
0.608921
0.608427
0.608057
0.607878
0.607629
0.607433
0.607243
0.607094
0.607048
0.607068
0.607065
0.606846
0.606825
0.606780
0.606481
0.606344
0.606324
0.606409
0.606458
0.606375
0.605881
0.605688
0.605435
0.605323
0.605259
0.605373
0.605161
0.605117
0.605114
0.604878
0.604727
0.604544
0.604336
0.604118
0.603967
0.603643
0.603556
0.603449
0.603474
0.603202
0.603572
0.603759
0.603411
0.603353
0.603388
0.603137
0.602673
0.602535
0.602609
0.602559
0.602342
0.602267
0.601768
0.601655
0.601479
0.601438
0.601438
0.601571
0.601211
0.600960
0.600844
0.600620
0.600534
0.600367
0.600256
0.600074
0.599994
0.600104
0.599901
0.599522
0.599413
0.599516
0.599593
0.599725
0.599396
0.599206
0.599103
0.598765
0.599045
0.598999
0.598853
0.598725
0.598494
0.598476
0.598789
0.598670
0.598349
0.598273
0.598471
0.598403
0.598351
0.598210
0.597943
0.597809
0.597698
0.597542
0.597418
0.597123
0.597141
0.597158
0.596842
0.596901
0.597115
0.597012
0.596790
0.596535
0.596672
0.596465
0.596346
0.596410
0.596162
0.596097
0.596059
0.595606
0.595538
0.595528
0.595498
0.595490
0.595061
0.595055
0.595028
0.594808
0.594974
0.594916
0.594495
0.594274
0.594384
0.594407
