0.472157
0.468412
0.469299
0.470626
0.472349
0.474298
0.476281
0.478746
0.481430
0.484071
0.487355
0.490753
0.494210
0.497662
0.501262
0.504951
0.508487
0.511905
0.515291
0.518867
0.522203
0.525720
0.529460
0.533111
0.536675
0.540082
0.543072
0.546412
0.549648
0.552986
0.556288
0.559529
0.562400
0.565395
0.568344
0.571031
0.573966
0.576730
0.579269
0.581901
0.584228
0.586019
0.587878
0.590192
0.591562
0.593311
0.594951
0.596603
0.598291
0.599712
0.601244
0.602548
0.604111
0.605556
0.606681
0.607962
0.609119
0.610192
0.611120
0.612321
0.613211
0.614314
0.615572
0.616966
0.618158
0.619008
0.619966
0.620750
0.621639
0.622778
0.623264
0.624220
0.624981
0.625606
0.626414
0.627124
0.627477
0.627962
0.628506
0.629166
0.629871
0.630336
0.630915
0.631547
0.632261
0.633253
0.634040
0.634692
0.635356
0.636116
0.636868
0.637385
0.638216
0.639144
0.639921
0.640774
0.641173
0.641691
0.642179
0.642205
0.642607
0.642558
0.642651
0.642651
0.642768
0.642767
0.643020
0.643279
0.643174
0.643434
0.643530
0.643936
0.644667
0.644723
0.644560
0.644510
0.644293
0.644182
0.644134
0.643830
0.643478
0.642958
0.642718
0.642622
0.642238
0.642190
0.642013
0.641952
0.640863
0.640671
0.640439
0.640160
0.640011
0.639660
0.639047
0.638547
0.638117
0.637996
0.637290
0.636667
0.636492
0.636229
0.635814
0.635465
0.634860
0.634477
0.633641
0.633151
0.633268
0.632853
0.632386
0.632096
0.631895
0.631508
0.630791
0.630471
0.629739
0.629487
0.628869
0.627941
0.627590
0.627203
0.626586
0.626088
0.625755
0.625411
0.625031
0.624247
0.623291
0.622889
0.621857
0.621425
0.621537
0.620954
0.620197
0.619778
0.619494
0.619209
0.618414
0.618150
0.617656
0.616750
0.616355
0.616153
0.615524
0.615142
0.614704
0.614618
0.613763
0.613664
0.613223
0.612537
0.612218
0.611769
0.611273
0.610254
0.609815
0.609525
0.609035
0.608373
0.607791
0.607095
0.606747
0.606557
0.606126
0.606659
0.606259
0.605551
0.605411
0.604443
0.603769
0.603095
0.602684
0.602424
0.602472
0.601744
0.601151
0.601100
0.601123
0.600615
0.600329
0.599935
0.599804
0.599874
0.599480
0.598632
0.597935
0.597224
0.596932
0.596704
0.596384
0.596292
0.596184
0.596023
0.595604
0.595108
0.594998
0.594843
0.594418
0.593902
0.593412
0.593052
0.593131
0.593400
0.592830
0.592711
0.592812
0.592494
0.591992
0.591431
0.591240
0.591069
0.590632
0.590653
0.590397
0.590209
0.590220
0.590025
0.589481
0.589203
0.588708
0.588662
0.588462
0.588192
0.588164
0.588555
0.588341
0.588262
0.587292
0.587574
0.587514
0.587315
0.587044
0.586945
0.586663
0.586659
0.586701
0.586052
0.585933
0.586107
0.585832
0.585841
0.585810
0.585728
0.585367
0.584885
0.584473
0.584242
0.584220
0.583877
0.583955
0.584167
0.584392
0.584093
0.584004
0.583847
0.583716
0.583521
0.583222
0.582901
0.583148
0.582923
0.583131
0.582691
0.582499
0.582664
0.582690
0.582295
0.582097
0.582317
0.582077
0.581877
0.581765
0.581774
0.581368
0.581171
0.580948
0.580929
0.580795
0.580905
0.580734
0.580475
0.580289
0.580277
0.580232
0.579826
0.579741
0.579808
0.580227
0.580056
0.580027
0.579622
0.579361
0.578998
0.578818
0.578745
0.578640
0.578638
0.577951
0.577931
0.577943
0.577887
0.578012
0.577882
0.577904
0.577547
0.577521
0.577550
0.577115
0.577110
0.576766
0.576965
0.577079
0.577095
0.576707
0.576824
0.577155
0.577524
0.577439
0.577208
0.576713
0.576587
0.576845
0.577011
0.576706
0.576902
0.576753
0.576328
0.576096
0.576196
0.575839
0.575927
0.575729
0.575680
0.575491
0.575107
0.575175
0.575315
0.575491
0.574959
0.574686
0.574534
0.574740
0.574451
0.574667
0.574408
0.574259
0.574458
0.574120
0.573997
0.574002
0.574187
0.573984
0.573667
0.573838
0.573601
0.573232
0.573607
0.573650
0.573622
0.573726
0.573303
0.572873
0.572893
0.572649
0.572701
0.572983
0.572675
0.573168
0.572986
0.572743
0.572593
0.572315
0.571909
0.571602
0.572052
0.572064
0.572096
0.572155
0.572267
0.572424
0.572280
0.572240
0.572754
0.572432
0.572045
0.571751
0.571910
0.571913
0.571807
0.571532
0.571660
0.571221
0.571387
0.571654
0.571761
0.571651
0.571615
0.571467
0.571355
0.571391
0.570943
0.570907
0.571128
0.570782
0.570770
0.570614
0.570314
0.570249
0.570695
0.570690
0.570793
0.570641
0.570771
0.570742
0.570659
0.570340
0.570297
0.570296
0.570585
0.570631
0.570547
0.570371
0.570449
0.570378
0.570038
0.569989
0.570289
0.570189
0.570307
0.570067
0.570110
0.569840
0.569789
0.569709
0.569849
0.569933
0.570015
0.569989
0.569972
0.569729
0.569475
0.569551
0.569494
0.569440
0.569552
0.569916
0.569701
0.569530
0.569199
0.569038
0.568975
0.569069
0.568879
0.568923
0.568714
0.568851
0.569274
0.569383
0.569146
0.569150
0.569537
0.569295
0.569313
0.569298
0.569162
0.569230
0.569394
0.568996
0.568979
0.568885
0.568390
0.568214
0.568256
0.568628
0.568853
0.568833
0.568399
0.568600
0.568683
0.568537
0.568514
0.568551
0.568159
0.567811
0.567670
0.567608
0.567662
0.567863
0.567946
0.567976
0.567700
0.567725
0.568178
0.568328
0.568061
0.568269
0.568221
0.567818
0.567702
0.567879
0.568034
0.567838
0.567752
0.567751
0.567888
0.567978
0.567705
0.567524
0.567460
0.567540
0.567445
0.567627
0.567285
0.567258
0.567543
0.567323
0.566918
0.567232
0.566965
0.567164
0.567316
0.567340
0.567368
0.567084
0.567002
0.566846
0.566905
0.567098
0.566995
0.567290
0.567397
0.567386
0.567145
0.567066
0.567184
0.567316
0.566986
0.566553
0.566754
0.566772
0.566711
0.566747
0.566650
0.566287
0.566205
0.565854
0.566089
0.566381
0.566434
0.566065
0.566063
0.566339
0.566159
0.566435
0.566456
0.566476
0.566708
0.566547
0.566432
