0.470057
0.466008
0.468138
0.470940
0.474385
0.478856
0.483833
0.489458
0.494895
0.500226
0.505759
0.510967
0.516106
0.520860
0.525626
0.530126
0.534625
0.539213
0.543503
0.547547
0.551043
0.554118
0.557860
0.560845
0.564102
0.567015
0.569837
0.572150
0.574044
0.575830
0.577618
0.579412
0.581283
0.583146
0.584315
0.585346
0.586475
0.587559
0.588423
0.588986
0.589749
0.590421
0.591022
0.591343
0.591468
0.592161
0.592691
0.593051
0.593614
0.594166
0.594700
0.595049
0.595027
0.594837
0.594346
0.594737
0.595357
0.596257
0.596843
0.596717
0.596793
0.597906
0.598581
0.598887
0.599147
0.600173
0.600392
0.601126
0.601840
0.602323
0.602710
0.603628
0.604523
0.604951
0.606204
0.606157
0.606613
0.607249
0.607510
0.607591
0.608175
0.608888
0.608952
0.608919
0.608924
0.608946
0.608639
0.608450
0.608471
0.608385
0.607978
0.608255
0.607753
0.606797
0.606349
0.605855
0.605363
0.605247
0.604666
0.604466
0.603512
0.602997
0.602537
0.602023
0.601418
0.600148
0.599920
0.599140
0.598749
0.598083
0.597482
0.597128
0.596592
0.595964
0.595294
0.594756
0.594218
0.593829
0.593117
0.592930
0.592309
0.592023
0.591143
0.590580
0.590180
0.589997
0.589277
0.588727
0.588281
0.588183
0.587567
0.587266
0.586681
0.586085
0.585718
0.585351
0.585178
0.584903
0.584807
0.584526
0.583733
0.583108
0.582935
0.582845
0.582815
0.582374
0.582044
0.581876
0.581722
0.581146
0.580724
0.580820
0.580597
0.579607
0.579603
0.579141
0.578477
0.577643
0.577618
0.577423
0.577333
0.576997
0.576649
0.576449
0.576412
0.576366
0.575957
0.575624
0.575383
0.575038
0.575080
0.575339
0.575128
0.574962
0.574271
0.573725
0.573698
0.573874
0.573789
0.573511
0.573357
0.572968
0.572678
0.572669
0.572875
0.572794
0.572654
0.572373
0.571672
0.571424
0.571107
0.571012
0.571274
0.570454
0.570543
0.570340
0.570344
0.570293
0.569939
0.569980
0.569903
0.569245
0.569053
0.569166
0.568759
0.568960
0.568691
0.568550
0.568122
0.567905
0.567908
0.567847
0.567739
0.567046
0.566962
0.566479
0.566332
0.566583
0.565881
0.565985
0.565843
0.565834
0.565266
0.564919
0.565361
0.565350
0.565359
0.565048
0.564483
0.564279
0.564120
0.563923
0.563982
0.563567
0.563632
0.563885
0.563433
0.563143
0.562942
0.563162
0.562929
0.562715
0.562464
0.562708
0.562658
0.562652
0.562268
0.562073
0.561788
0.561876
0.561502
0.561103
0.561426
0.561182
0.560894
0.560681
0.560584
0.560699
0.560737
0.560379
0.560301
0.560287
0.560266
0.560312
0.560085
0.559198
0.559380
0.559689
0.559316
0.559303
0.559217
0.558930
0.558922
0.558795
0.558515
0.558580
0.558226
0.558163
0.558176
0.558022
0.557717
0.557642
0.557592
0.557688
0.557577
0.557828
0.557685
0.557710
0.557554
0.557510
0.557341
0.557382
0.557043
0.556835
0.556976
0.556957
0.557433
0.557159
0.556895
0.557113
0.556540
0.556695
0.556531
0.556573
0.556735
0.556952
0.556515
0.556035
0.556571
0.556550
0.556023
0.555886
0.555862
0.555854
0.555880
0.556031
0.556163
0.556307
0.556377
0.556084
0.556085
0.556234
0.556158
0.556065
0.555988
0.555961
0.555607
0.555552
0.555519
0.555853
0.555873
0.555864
0.555810
0.555679
0.555570
0.555061
0.554818
0.554872
0.554950
0.554883
0.555227
0.554886
0.555137
0.555279
0.554973
0.554912
0.555171
0.555092
0.554886
0.554772
0.555180
0.555280
0.555352
0.555196
0.554905
0.554926
0.555165
0.554909
0.554916
0.554972
0.555023
0.554851
0.554657
0.555170
0.555652
0.555539
0.555675
0.555599
0.555676
0.555544
0.555177
0.555360
0.555348
0.555429
0.555635
0.555495
0.554877
0.554483
0.554792
0.554842
0.554714
0.554981
0.554349
0.554404
0.554939
0.554845
0.554669
0.554759
0.555090
0.554922
0.554949
0.555076
0.555101
0.555168
0.554963
0.554956
0.554747
0.555005
0.555215
0.555363
0.555214
0.554862
0.555246
0.555410
0.554922
0.554792
0.555040
0.554834
0.554714
0.554857
0.554426
0.554079
0.554344
0.554339
0.554372
0.554300
0.554212
0.554425
0.554097
0.554447
0.554535
0.554117
0.554488
0.554597
0.554099
0.554345
0.554404
0.554207
0.553971
0.553572
0.553960
0.554270
0.554537
0.554182
0.553965
0.554123
0.554205
0.553649
0.553572
0.553811
0.554275
0.554723
0.554835
0.554820
0.554878
0.554723
0.554550
0.554495
0.554922
0.555012
0.554923
0.554521
0.554589
0.554364
0.554591
0.554356
0.554407
0.554560
0.554484
0.554321
0.554433
0.554420
0.554155
0.554339
0.554051
0.553880
0.554096
0.554193
0.553980
0.554090
0.554133
0.554134
0.554093
0.554067
0.553950
0.554299
0.554493
0.554239
0.554193
0.554216
0.554546
0.554602
0.554166
0.554155
0.554226
0.554171
0.553567
0.553575
0.554004
0.554048
0.553679
0.553667
0.553787
0.554003
0.553644
0.553699
0.553788
0.553739
0.554154
0.554107
0.553877
0.553859
0.554132
0.554328
0.554289
0.554046
0.554338
0.554358
0.554010
0.553854
0.553855
0.553871
0.553796
0.554220
0.554264
0.554040
0.553741
0.554055
0.554158
0.554088
0.553912
0.553739
0.554038
0.554340
0.554460
0.554493
0.554596
0.554317
0.553939
0.554004
0.554009
0.554329
0.554436
0.554167
0.553892
0.553952
0.554183
0.554317
0.554147
0.553962
0.553826
0.553851
0.554289
0.554577
0.554593
0.554351
0.554323
0.554228
0.554296
0.554237
0.554122
0.554465
0.554331
0.554024
0.553939
0.554019
0.553888
0.553897
0.553956
0.553940
0.553971
0.553892
0.554147
0.554165
0.553800
0.554072
0.554033
0.553484
0.553451
0.553751
0.553957
0.553815
0.553599
0.553501
0.553979
0.553899
0.554086
0.554461
0.554602
0.554508
0.554279
0.553761
0.553815
0.553832
0.554123
0.553819
0.553853
0.554372
0.554253
0.554087
0.553952
0.553865
0.553870
0.553652
0.553999
0.554305
0.554242
0.554067
0.554299
0.554274
